VideoPlayer is turned on(32;76;6)(195;15;117)(138;219;12)(245;240;254)(156;161;8)
(254;208;167)(127;142;105)(2;150;156)(164;19;232)(137;226;247)
(58;146;123)(146;56;168)(88;190;2)(244;150;175)(163;181;37)
(134;104;226)(246;43;66)(101;156;58)(153;155;171)(25;48;168)
(191;121;196)(189;49;19)(94;30;205)(162;199;239)(105;82;169)
(211;51;8)(137;25;68)(61;78;175)(69;121;36)(98;12;36)
(162;83;189)(148;8;230)(0;245;4)(119;180;59)(9;65;197)
(43;193;188)(196;99;65)(139;189;195)(152;172;78)(158;114;175)
(136;194;189)(141;180;170)(165;81;38)(35;95;30)(79;220;55)(175;174;204)(60;215;147)
(135;163;239)(50;179;59)(167;155;215)(48;79;117)(214;170;206)
(206;115;69)(33;233;159)(170;31;3)(152;111;20)(197;220;30)
(115;32;36)(232;61;242)(52;33;43)(119;52;142)(189;246;237)
(61;130;211)(161;48;49)(180;116;142)(43;180;60)(81;106;184)
(107;240;41)(16;145;232)(26;180;52)(178;97;186)(0;188;31)
(24;216;133)(191;148;184)(64;66;3)(20;56;174)(253;41;101)
(241;145;223)(164;123;139)(248;57;246)(211;87;51)(241;174;90)
(42;13;131)(148;94;190)(178;171;178)(116;171;133)(123;196;119)(212;24;86)(90;103;74)
(172;63;67)(63;142;169)(179;156;114)(73;103;48)(13;112;89)
(167;250;134)(97;251;70)(214;17;130)(75;146;46)(133;15;76)
(55;211;244)(60;221;36)(149;215;102)(81;109;231)(96;74;82)
(190;70;81)(143;77;57)(210;119;151)(180;112;183)(206;50;230)
(216;49;86)(25;170;178)(35;174;199)(44;36;60)(242;101;82)
(180;90;44)(25;81;64)(69;193;128)(112;185;78)(126;195;200)
(135;89;195)(37;123;87)(56;200;52)(123;212;214)(28;109;140)
(231;168;17)(96;120;207)(250;241;92)(218;64;162)(137;104;206)(0;18;120)(237;239;189)
(92;33;45)(23;254;35)(92;171;209)(149;152;91)(168;253;23)
(112;43;190)(42;121;41)(233;213;95)(16;155;241)(189;153;171)
(68;148;243)(93;136;138)(195;14;170)(235;201;36)(217;16;232)
(229;28;35)(180;158;145)(95;96;87)(157;36;231)(23;249;160)
(140;89;139)(89;201;132)(137;12;202)(252;132;177)(158;132;84)
(18;37;101)(246;150;26)(250;161;118)(200;153;167)(136;26;163)
(78;156;58)(110;10;46)(164;238;244)(64;164;113)(22;228;250)
(8;87;164)(155;239;213)(115;1;70)(134;94;123)(32;47;7)(43;25;57)(110;111;166)
(87;38;225)(209;1;141)(118;37;163)(74;142;143)(190;235;235)
(216;47;172)(2;19;188)(234;18;181)(94;153;67)(68;141;200)
(243;248;67)(1;22;51)(13;190;195)(166;50;2)(243;62;192)
(237;39;104)(6;151;104)(55;122;107)(61;177;203)(93;23;210)
(83;111;140)(20;155;20)(35;26;133)(159;143;138)(30;69;184)
(21;9;18)(39;152;221)(228;237;38)(31;19;197)(16;79;96)
(243;152;193)(162;176;139)(22;249;143)(173;193;66)(119;171;14)
(131;65;77)(59;142;208)(40;174;99)(167;101;200)(184;124;33)(11;243;42)(223;126;54)
(84;224;171)(142;17;98)(61;19;60)(187;42;122)(33;190;68)
(249;90;9)(33;246;21)(122;149;137)(92;237;50)(27;208;189)
(111;237;121)(207;67;94)(145;200;155)(182;102;241)(80;161;178)
(222;213;42)(135;208;217)(143;9;1)(86;155;82)(125;31;142)
(227;131;43)(30;74;140)(154;41;4)(246;241;240)(143;183;41)
(97;38;77)(142;60;209)(97;13;98)(52;122;101)(156;196;205)
(178;39;130)(167;51;32)(243;55;145)(92;171;193)(239;70;145)
(31;65;42)(31;160;137)(183;11;160)(166;242;236)(167;2;111)(204;27;238)(132;101;30)
(143;147;170)(6;188;239)(250;43;83)(232;184;0)(35;118;85)
(155;101;232)(30;85;174)(194;148;236)(171;140;6)(121;54;108)
(224;147;171)(87;254;134)(202;8;234)(116;63;117)(199;27;198)
(212;181;129)(152;22;139)(225;19;29)(123;158;201)(147;76;129)
(43;190;159)(164;252;94)(211;86;71)(70;190;161)(87;44;154)
(5;161;82)(139;152;202)(218;183;80)(251;195;119)(24;241;106)
(147;227;174)(213;14;64)(249;109;162)(120;119;246)(13;91;11)
(238;252;8)(4;22;131)(200;178;184)(62;192;119)(15;161;133)(67;195;1)(189;31;46)
(123;71;40)(110;235;189)(82;110;21)(98;80;251)(155;120;83)
(196;58;12)(149;253;65)(168;68;226)(154;176;120)(133;182;93)
(72;147;46)(50;107;36)(124;63;250)(241;158;219)(147;50;11)
(96;101;48)(234;102;7)(13;33;158)(164;25;32)(139;72;74)
(102;219;136)(230;103;111)(130;173;64)(90;203;120)(180;180;128)
(75;151;224)(31;63;160)(213;215;188)(134;139;95)(70;253;140)
(45;246;206)(120;223;110)(198;185;161)(171;9;248)(174;118;157)
(235;196;5)(173;35;65)(68;106;5)(217;157;51)(112;151;233)(130;231;128)(44;194;105)
(45;169;5)(24;174;145)(148;206;36)(232;198;2)(232;251;177)
(12;64;9)(197;4;152)(170;227;83)(131;56;55)(197;0;152)
(133;127;50)(13;102;108)(137;90;149)(179;195;20)(249;180;171)
(104;59;130)(134;190;226)(114;225;20)(77;153;212)(190;171;154)
(103;64;240)(172;216;177)(3;59;41)(121;167;96)(148;60;132)
(17;126;248)(144;3;77)(146;57;129)(218;201;184)(35;149;151)
(142;149;191)(43;60;160)(174;70;143)(25;127;145)(132;30;109)
(133;62;166)(64;68;187)(140;200;223)(63;220;97)(58;225;6)(173;119;250)(235;5;106)
(177;32;249)(90;243;112)(187;198;17)(100;167;83)(43;239;107)
(146;44;207)(27;135;127)(131;60;176)(119;50;95)(138;146;102)
(137;134;121)(17;92;127)(70;209;249)(144;185;178)(144;172;199)
(28;159;254)(138;14;86)(246;8;173)(184;205;10)(184;3;212)
(114;128;126)(206;33;47)(135;87;53)(48;187;28)(73;251;143)
(36;103;125)(40;77;52)(62;92;50)(15;133;166)(213;244;249)
(17;16;216)(3;133;142)(157;64;42)(240;188;230)(205;64;123)
(208;9;167)(165;72;193)(210;190;72)(37;189;210)(128;22;209)(164;29;143)(162;237;141)
(16;61;233)(216;20;249)(216;49;94)(182;83;182)(68;203;64)
(121;197;30)(247;205;75)(228;57;123)(84;210;225)(218;85;77)
(181;29;137)(84;173;147)(220;32;82)(11;156;26)(7;193;226)
(231;72;216)(26;228;240)(99;181;28)(165;152;194)(84;105;122)
(36;114;106)(143;29;242)(72;147;235)(188;243;199)(165;105;206)
(245;157;156)(37;80;100)(186;152;250)(196;158;51)(70;203;37)
(180;58;181)(120;64;52)(117;213;13)(105;139;135)(217;41;160)
(24;152;165)(196;168;15)(143;55;154)(95;171;99)(3;5;161)(185;42;163)(179;213;201)
(88;54;210)(253;138;196)(190;98;94)(205;65;122)(139;39;57)
(31;159;163)(23;77;158)(193;246;227)(31;244;119)(43;26;172)
(43;116;157)(96;130;161)(104;139;18)(112;148;15)(33;84;109)
(152;202;177)(254;127;137)(234;85;9)(71;151;157)(29;76;35)
(175;144;55)(181;85;229)(119;218;209)(54;89;120)(23;52;191)
(175;250;19)(64;43;237)(74;9;29)(128;216;78)(35;8;137)
(194;109;159)(246;136;55)(24;67;41)(230;116;78)(55;163;186)
(190;194;238)(63;181;12)(78;229;133)(82;8;134)(213;145;7)(108;2;202)(111;7;39)
(62;44;133)(89;239;23)(252;34;231)(80;186;56)(233;38;64)
(156;135;9)(182;57;159)(91;194;89)(118;91;174)(246;207;25)
(200;38;67)(83;109;236)(61;240;186)(171;126;252)(117;238;146)
(66;42;251)(108;56;206)(63;8;246)(151;82;244)(164;156;79)
(172;243;244)(235;160;28)(132;172;38)(40;178;62)(216;240;137)
(204;117;167)(89;89;93)(165;243;253)(203;201;248)(173;236;193)
(63;223;88)(58;228;107)(38;232;246)(191;222;24)(206;9;154)
(202;155;159)(64;19;207)(153;200;250)(46;251;224)(214;210;91)(191;158;117)(30;181;148)
(164;5;73)(24;22;26)(254;240;191)(29;58;37)(45;236;103)
(133;19;75)(40;21;172)(248;144;13)(137;140;19)(85;38;56)
(31;83;200)(89;237;169)(181;143;68)(101;134;141)(88;15;87)
(89;189;159)(222;195;183)(33;33;99)(164;159;240)(218;42;169)
(7;227;192)(245;192;163)(153;91;46)(18;99;149)(183;54;152)
(97;103;206)(254;157;104)(113;80;181)(222;183;199)(150;243;177)
(123;170;125)(252;161;135)(7;128;62)(188;194;33)(0;109;149)
(101;150;254)(151;111;61)(133;137;68)(219;195;86)(184;125;254)(191;108;130)(103;164;180)
(116;222;6)(105;92;144)(120;191;37)(130;190;10)(253;70;1)
(190;170;155)(233;16;84)(100;39;163)(141;228;39)(141;119;118)
(250;210;233)(212;215;65)(248;71;104)(53;121;96)(0;216;134)
(102;56;206)(12;186;197)(67;0;176)(217;107;34)(138;129;65)
(205;120;173)(228;28;25)(143;131;86)(187;96;182)(12;191;184)
(85;229;31)(16;167;229)(205;59;96)(29;8;33)(233;214;178)
(115;171;109)(1;243;41)(40;11;120)(114;247;179)(82;88;175)
(101;55;32)(200;150;235)(235;28;122)(207;212;93)(108;134;139)(108;52;13)(9;85;205)
(212;190;169)(22;32;169)(4;89;39)(64;102;24)(201;241;77)
(170;253;214)(41;78;244)(173;195;155)(245;13;109)(30;146;128)
(227;190;53)(173;67;3)(220;220;214)(124;143;222)(9;155;151)
(190;150;68)(13;89;159)(108;229;126)(218;175;161)(61;72;40)
(63;15;233)(181;247;100)(152;145;193)(242;246;235)(59;191;142)
(178;103;114)(200;127;218)(220;248;254)(47;84;36)(117;64;34)
(31;149;136)(190;253;69)(92;200;231)(230;227;56)(227;180;45)
(158;93;202)(59;190;32)(150;168;88)(24;3;170)(211;95;142)(210;193;230)(137;74;30)
(109;56;210)(1;250;172)(175;199;172)(24;70;73)(153;9;167)
(223;123;138)(245;179;181)(29;194;178)(100;25;18)(173;183;174)
(210;246;138)(45;47;217)(41;42;46)(45;220;133)(9;118;171)
(67;250;111)(140;109;45)(184;144;132)(216;141;213)(188;181;3)
(249;234;153)(189;198;82)(111;193;86)(72;164;122)(96;169;145)
(182;66;61)(224;231;133)(33;253;22)(48;202;124)(90;23;16)
(186;50;3)(30;120;24)(226;20;161)(196;43;129)(225;211;51)
(190;127;191)(158;138;17)(237;173;97)(227;194;211)(154;102;22)(43;118;20)(159;50;46)
(179;180;123)(88;22;98)(121;18;33)(234;80;21)(123;110;143)
(13;222;216)(242;129;46)(232;41;73)(248;11;136)(171;240;252)
(63;104;204)(162;136;40)(209;15;168)(38;64;40)(167;115;54)
(105;241;6)(220;237;231)(19;245;111)(123;96;213)(120;17;160)
(54;230;49)(157;167;55)(93;21;193)(201;170;116)(45;16;95)
(238;192;131)(43;244;24)(92;222;190)(56;222;175)(233;61;224)
(145;95;160)(0;249;157)(31;102;6)(130;197;74)(47;144;197)
(145;236;107)(150;4;79)(52;203;238)(97;155;98)(91;25;248)(244;250;81)(110;103;234)
(176;84;110)(149;113;198)(243;120;213)(142;32;65)(169;199;145)
(4;60;82)(137;27;6)(165;246;126)(91;168;171)(24;149;19)
(39;110;73)(194;188;186)(128;234;186)(96;2;7)(212;157;169)
(78;179;126)(64;60;12)(20;46;17)(224;29;228)(158;31;59)
(41;92;156)(39;234;234)(76;127;194)(33;181;0)(63;80;186)
(44;78;41)(79;186;49)(233;209;35)(151;86;42)(155;29;152)
(210;86;214)(121;187;137)(221;65;221)(98;72;168)(27;243;64)
(49;121;96)(74;65;120)(219;169;116)(169;23;68)(232;166;115)(243;198;226)(184;12;132)
(209;78;72)(83;15;68)(232;156;126)(21;90;240)(121;128;160)
(124;188;100)(36;234;6)(101;192;79)(149;41;212)(170;181;151)
(78;121;85)(59;19;181)(15;30;181)(65;209;254)(194;191;218)
(124;129;192)(58;62;87)(19;101;191)(224;241;165)(190;100;144)
(145;139;178)(145;18;145)(41;102;35)(13;57;254)(76;131;201)
(45;154;54)(86;57;23)(66;31;148)(72;57;115)(100;62;202)
(230;69;85)(152;20;247)(137;72;209)(199;80;132)(74;86;181)
(193;155;38)(230;26;251)(191;157;179)(181;3;236)(70;50;23)(30;172;148)(24;6;222)
(44;12;161)(227;169;225)(175;60;23)(183;233;172)(92;118;31)
(115;111;250)(146;147;4)(27;198;175)(56;223;219)(250;35;16)
(154;189;28)(91;27;26)(59;176;78)(52;154;86)(18;127;13)
(43;116;76)(130;49;195)(131;53;157)(208;139;64)(177;46;156)
(35;105;24)(158;164;150)(175;122;27)(28;120;50)(178;153;147)
(210;20;2)(134;152;159)(127;139;142)(51;80;221)(207;58;130)
(234;134;86)(207;231;2)(92;90;68)(181;177;98)(83;249;3)
(200;29;228)(252;210;61)(37;186;67)(30;91;165)(131;249;215)(82;117;102)(119;161;218)
(36;107;113)(149;248;85)(75;46;208)(17;198;94)(132;68;226)
(174;162;178)(33;229;207)(162;192;240)(30;88;48)(131;3;17)
(132;120;254)(136;245;133)(129;119;100)(17;113;89)(65;170;164)
(41;188;26)(0;6;117)(121;19;124)(140;44;99)(242;102;38)
(57;7;66)(88;16;200)(216;88;197)(31;32;196)(254;111;99)
(139;235;105)(152;52;46)(2;241;80)(209;90;94)(52;19;177)
(94;188;139)(97;254;208)(141;40;122)(89;94;91)(181;64;95)
(65;4;133)(198;39;57)(47;97;107)(163;38;90)(67;134;11)(114;239;234)(87;231;234)
(125;237;221)(73;127;193)(69;54;133)(85;211;122)(188;13;25)
(232;194;218)(100;145;238)(30;197;100)(217;28;247)(222;83;151)
(109;36;240)(64;22;128)(69;147;247)(29;0;144)(3;240;238)
(81;75;236)(47;18;59)(119;194;44)(236;12;192)(46;75;199)
(93;49;178)(122;17;147)(147;10;117)(175;47;2)(174;59;242)
(11;213;147)(117;190;177)(23;178;230)(251;45;120)(105;179;134)
(128;43;224)(250;205;77)(56;253;174)(82;7;73)(99;202;99)
(25;70;107)(154;99;170)(88;67;78)(95;31;37)(244;58;41)(167;31;140)(37;70;11)
(231;205;32)(155;131;28)(60;224;235)(146;6;244)(67;98;124)
(1;98;36)(104;206;144)(197;107;225)(132;56;32)(160;189;223)
(82;153;246)(163;74;217)(71;202;220)(76;231;23)(225;144;118)
(188;35;220)(8;240;38)(55;4;226)(19;134;158)(16;51;160)
(22;24;67)(141;177;87)(222;101;232)(4;159;105)(29;6;181)
(57;119;3)(83;181;12)(104;47;174)(13;206;157)(133;159;184)
(42;27;185)(87;151;80)(27;66;101)(29;37;125)(2;49;80)
(61;239;227)(81;4;136)(190;147;11)(192;17;239)(36;176;144)(252;69;122)(95;232;236)
(138;159;90)(10;117;34)(208;194;212)(46;78;69)(174;125;243)
(167;218;84)(103;77;147)(95;4;210)(208;159;182)(136;101;40)
(197;145;63)(184;212;233)(87;140;130)(253;9;178)(227;16;32)
(91;74;214)(120;36;134)(176;28;126)(250;243;73)(186;229;176)
(137;192;167)(235;13;235)(82;149;44)(246;235;169)(104;128;9)
(236;46;50)(228;135;201)(192;245;99)(96;175;93)(51;17;118)
(96;194;199)(10;226;18)(58;46;62)(153;237;146)(186;106;42)
(187;108;176)(88;20;54)(62;66;183)(212;208;20)(58;140;20)(173;53;211)(16;184;48)
(38;111;194)(228;131;241)(104;229;177)(86;226;103)(241;102;11)
(65;191;234)(183;141;211)(159;96;35)(145;85;110)(141;13;204)
(203;168;138)(81;7;5)(94;208;212)(14;117;130)(123;59;223)
(136;234;240)(24;9;237)(70;213;238)(130;184;95)(75;101;191)
(45;114;69)(108;29;42)(60;27;99)(214;113;248)(155;11;216)
(116;92;170)(194;61;122)(113;85;182)(64;16;150)(93;144;111)
(196;142;122)(25;40;113)(234;246;72)(93;117;169)(36;85;110)
(47;64;109)(38;204;250)(156;60;201)(251;64;98)(43;13;178)(39;215;128)(161;201;40)
(187;19;205)(14;35;70)(4;135;189)(140;140;6)(26;60;248)
(195;229;9)(93;75;110)(4;5;226)(64;240;242)(74;240;243)
(244;254;118)(7;185;163)(207;3;46)(33;46;209)(42;146;152)
(67;49;105)(84;25;218)(49;249;53)(184;30;150)(221;118;193)
(166;183;83)(46;245;107)(192;98;28)(94;224;45)(164;230;181)
(162;140;126)(156;36;85)(239;60;158)(101;124;105)(95;249;201)
(90;229;236)(252;42;15)(144;104;246)(99;109;252)(61;8;104)
(224;90;34)(33;14;16)(240;42;85)(3;132;66)(195;226;31)(12;46;217)(60;179;243)
(130;65;21)(79;122;223)(122;62;71)(180;241;177)(45;154;215)
(235;160;198)(82;3;245)(250;111;25)(11;124;54)(35;86;33)
(233;222;124)(116;46;248)(234;58;32)(86;35;68)(41;59;155)
(26;123;209)(215;79;115)(198;37;197)(190;166;82)(244;62;226)
(133;243;232)(248;83;158)(143;114;209)(170;205;121)(77;38;110)
(93;28;236)(86;238;116)(234;72;72)(142;5;99)(188;173;185)
(233;230;109)(202;72;244)(177;210;57)(132;223;66)(85;18;19)
(61;186;215)(16;156;183)(0;53;191)(24;86;66)(238;220;104)(19;176;100)(138;60;2)
(61;237;147)(167;60;225)(250;105;15)(35;58;95)(222;23;109)
(234;158;8)(65;153;10)(68;57;119)(133;216;194)(180;116;167)
(132;160;136)(13;250;70)(209;20;93)(127;232;80)(150;125;39)
(192;137;144)(0;7;217)(200;49;213)(224;48;141)(63;21;160)
(113;188;169)(120;4;251)(110;227;192)(102;65;253)(173;95;253)
(183;162;49)(246;86;7)(177;250;193)(64;176;232)(152;128;182)
(205;206;241)(182;134;67)(153;78;37)(239;248;8)(148;181;66)
(148;208;244)(245;12;44)(231;78;167)(199;8;156)(72;166;123)(178;55;227)(164;65;150)
(206;175;37)(215;142;238)(184;69;69)(91;10;22)(244;94;115)
(16;113;233)(172;141;90)(242;37;231)(123;208;140)(114;19;55)
(225;218;35)(162;174;91)(233;97;169)(16;160;151)(162;200;143)
(119;49;28)(85;234;136)(105;42;188)(120;244;223)(31;55;82)
(35;193;83)(238;45;30)(68;54;123)(29;83;151)(45;108;20)
(25;64;184)(236;153;204)(120;191;168)(28;122;75)(164;26;188)
(33;47;93)(235;133;56)(89;194;65)(111;97;243)(224;105;227)
(146;79;209)(16;25;237)(107;105;50)(142;85;74)(142;85;189)(36;254;203)(169;17;69)
(113;145;126)(208;75;193)(78;240;78)(117;213;33)(227;168;220)
(192;190;11)(53;30;196)(116;126;68)(89;15;1)(130;163;163)
(146;10;106)(60;213;53)(137;211;61)(224;161;60)(100;90;73)
(188;168;168)(174;173;180)(235;17;192)(169;26;87)(213;213;70)
(30;154;205)(234;42;25)(89;121;250)(148;103;92)(119;56;55)
(9;42;129)(131;80;53)(112;10;0)(242;117;29)(83;149;205)
(202;89;98)(151;213;240)(190;209;102)(222;81;254)(57;170;72)
(252;24;176)(155;76;136)(50;76;120)(208;63;7)(139;110;237)(9;12;87)(231;174;86)
(54;137;158)(80;125;230)(106;24;53)(219;137;68)(156;22;80)
(204;25;135)(63;220;6)(8;173;124)(125;17;94)(229;135;248)
(95;198;82)(13;155;69)(198;245;134)(35;96;96)(223;33;82)
(103;253;31)(91;202;162)(109;135;169)(159;93;11)(75;43;20)
(218;10;7)(157;44;69)(242;228;164)(164;244;181)(98;118;53)
(211;85;123)(57;170;217)(207;47;94)(103;64;225)(94;24;180)
(91;95;18)(86;44;21)(43;57;24)(175;83;117)(25;51;113)
(244;25;178)(183;17;138)(76;144;207)(158;89;114)(34;176;221)(43;2;122)(59;213;1)
(3;246;189)(227;175;254)(100;17;69)(183;215;5)(168;39;238)
(242;102;59)(159;31;250)(64;58;228)(204;158;9)(39;111;196)
(96;5;136)(28;39;112)(72;213;225)(5;251;4)(97;52;123)
(253;188;189)(171;102;175)(14;160;230)(98;169;240)(173;16;246)
(84;135;65)(181;214;17)(105;130;7)(5;210;52)(140;146;233)
(80;139;66)(67;12;252)(226;213;74)(160;152;245)(14;179;81)
(38;142;154)(128;34;52)(9;50;102)(4;64;190)(202;205;229)
(66;238;139)(151;212;32)(119;8;205)(157;77;56)(179;27;87)(136;238;200)(133;26;244)
(224;148;63)(82;191;54)(59;88;139)(60;185;198)(211;182;99)
(62;238;85)(3;130;128)(133;126;29)(166;9;252)(167;45;11)
(172;84;42)(200;41;210)(206;31;102)(28;165;179)(115;108;66)
(57;95;75)(207;96;22)(96;62;38)(253;122;243)(165;15;211)
(198;92;253)(92;121;174)(20;148;165)(242;60;89)(171;190;166)
(247;233;20)(248;73;238)(186;116;18)(71;27;171)(94;59;229)
(55;210;104)(217;117;125)(174;219;81)(105;249;215)(30;43;181)
(49;197;202)(131;63;221)(197;93;43)(246;133;101)(212;83;186)(139;214;125)(69;217;225)
(12;57;227)(160;187;186)(144;23;218)(198;236;147)(146;118;84)
(14;226;156)(168;0;91)(226;110;67)(108;57;165)(163;160;71)
(237;84;225)(195;22;54)(201;24;88)(107;174;173)(50;158;122)
(28;93;117)(52;165;153)(217;130;114)(84;199;251)(29;8;156)
(187;21;197)(12;129;84)(124;10;2)(102;197;125)(86;48;167)
(38;101;128)(16;220;55)(200;38;109)(235;122;160)(146;54;37)
(162;210;208)(163;61;108)(142;173;181)(23;119;203)(29;195;186)
(152;3;73)(48;187;139)(194;4;86)(55;226;28)(59;177;50)(148;5;19)(242;68;10)
(138;235;78)(171;140;180)(223;52;45)(211;236;5)(206;201;170)
(175;67;218)(40;3;161)(222;94;232)(61;39;244)(73;54;62)
(58;175;114)(250;55;205)(42;169;216)(39;16;26)(26;113;168)
(9;225;242)(197;219;172)(251;94;116)(177;192;99)(171;70;75)
(234;15;168)(169;254;253)(104;67;100)(85;196;73)(216;117;83)
(13;132;111)(67;17;106)(195;66;242)(194;236;2)(202;18;211)
(35;238;234)(7;215;75)(138;36;143)(113;74;231)(42;148;0)
(191;111;107)(157;37;67)(235;48;194)(179;218;0)(70;10;241)(155;6;107)(37;174;5)
(47;38;109)(75;135;80)(158;200;34)(120;132;85)(129;138;237)
(132;142;217)(168;41;151)(5;219;81)(58;248;123)(239;95;219)
(8;185;183)(30;172;246)(245;33;180)(208;238;67)(189;2;119)
(34;157;6)(103;79;137)(95;180;189)(98;187;131)(14;8;2)
(176;114;111)(44;111;233)(247;40;43)(54;60;27)(164;226;158)
(204;207;25)(75;129;51)(17;248;250)(130;209;70)(237;233;173)
(62;163;26)(134;81;254)(60;241;152)(14;209;102)(225;64;70)
(130;59;109)(168;106;172)(187;238;128)(230;219;191)(44;91;158)(97;170;46)(110;230;13)
(169;182;227)(75;90;58)(145;213;128)(28;113;162)(47;78;48)
(254;166;144)(23;87;3)(187;196;73)(180;232;84)(134;234;89)
(92;231;128)(16;78;119)(206;224;159)(213;80;53)(108;32;114)
(9;1;213)(168;74;88)(119;142;245)(160;36;130)(140;239;33)
(169;241;128)(80;116;164)(184;205;143)(225;117;25)(133;31;14)
(223;15;204)(58;87;7)(105;53;150)(60;26;254)(212;77;90)
(236;157;128)(245;64;229)(188;200;11)(119;134;123)(188;137;25)
(120;7;232)(234;200;158)(160;169;82)(161;131;189)(134;36;50)(239;136;235)(196;165;64)
(180;140;252)(101;132;228)(12;33;169)(212;86;236)(61;23;138)
(74;14;0)(233;246;36)(248;199;172)(215;70;66)(163;143;146)
(81;240;214)(125;97;163)(26;193;125)(130;252;252)(110;251;163)
(93;103;14)(80;189;1)(181;178;69)(11;165;99)(115;249;166)
(32;145;96)(223;237;80)(125;25;31)(37;118;16)(105;161;22)
(31;71;161)(155;140;101)(23;1;206)(59;75;231)(100;139;157)
(132;124;70)(211;26;84)(244;134;26)(194;193;148)(209;132;192)
(94;143;12)(50;158;253)(122;24;22)(184;40;77)(250;138;173)(198;211;8)(178;98;51)
(152;65;199)(240;10;187)(52;92;70)(191;55;199)(88;131;10)
(76;235;84)(146;128;44)(189;125;49)(175;6;85)(21;226;69)
(190;95;98)(91;105;78)(176;142;181)(8;195;250)(227;218;191)
(41;156;196)(229;197;159)(25;196;90)(176;14;0)(32;144;46)
(184;211;15)(239;235;46)(4;94;99)(130;128;237)(140;98;155)
(193;87;76)(209;112;225)(51;253;92)(201;153;144)(8;36;96)
(43;160;154)(115;164;239)(66;73;89)(144;124;63)(40;141;9)
(38;110;144)(220;85;222)VideoPlayer is turned off