VideoPlayer is turned on(22;0;138)(131;154;206)(228;37;227)(128;150;184)(29;65;32)
(27;164;70)(169;225;79)(2;226;233)(114;160;54)(35;220;117)
(181;162;235)(220;216;71)(107;140;142)(235;227;43)(60;102;159)
(15;156;146)(205;180;198)(155;92;55)(128;32;35)(71;11;223)
(35;136;138)(14;194;0)(148;157;89)(94;153;146)(194;222;122)
(14;41;85)(56;226;213)(159;23;166)(228;252;121)(143;233;145)
(17;34;67)(93;179;142)(213;60;242)(135;30;231)(102;69;187)
(125;8;130)(82;223;23)(141;206;62)(70;113;102)(242;12;144)
(117;203;0)(7;123;83)(233;107;6)(38;108;20)(160;15;36)(25;88;228)(208;19;58)
(152;140;139)(103;165;127)(207;190;100)(37;96;58)(94;75;147)
(135;234;182)(222;147;221)(240;229;239)(142;153;37)(141;85;184)
(223;5;46)(95;59;10)(228;97;6)(187;158;52)(205;72;64)
(68;75;218)(187;110;21)(50;136;135)(191;235;70)(222;214;13)
(75;183;91)(251;105;93)(166;29;29)(221;231;145)(91;63;194)
(154;212;196)(145;229;101)(128;59;97)(30;142;165)(151;201;88)
(117;205;234)(88;219;82)(129;8;146)(235;76;198)(73;115;127)
(33;192;12)(123;31;68)(239;66;81)(128;186;132)(24;9;174)(56;21;26)(219;212;146)
(165;43;148)(182;204;92)(97;2;154)(236;181;239)(131;154;191)
(185;60;68)(196;29;75)(73;93;188)(64;51;158)(137;76;56)
(242;78;2)(206;200;125)(196;222;172)(18;162;182)(249;123;43)
(110;100;107)(210;162;12)(102;185;169)(164;108;244)(100;206;137)
(158;147;112)(2;225;156)(171;204;32)(229;83;89)(126;160;93)
(30;138;166)(147;77;67)(66;197;182)(187;240;235)(96;27;60)
(69;198;240)(130;200;234)(254;87;4)(36;89;129)(77;62;90)
(91;86;42)(195;4;21)(49;80;180)(249;208;187)(192;99;198)(148;98;61)(39;4;229)
(104;236;184)(79;145;42)(195;222;20)(164;37;82)(141;224;33)
(201;253;65)(178;84;156)(226;149;157)(228;72;134)(134;212;85)
(179;160;153)(213;78;75)(25;156;9)(59;197;151)(232;207;60)
(76;100;151)(49;60;27)(202;227;118)(218;11;14)(33;14;90)
(232;195;108)(77;147;35)(244;95;144)(6;145;172)(17;88;52)
(120;243;149)(80;7;40)(71;171;103)(52;243;201)(25;236;130)
(247;129;56)(230;27;82)(106;241;215)(71;162;235)(103;34;40)
(99;141;117)(166;219;97)(50;16;65)(9;112;128)(178;149;44)(112;237;106)(92;228;209)
(121;36;185)(124;189;165)(183;207;54)(101;219;175)(225;112;187)
(244;242;230)(139;10;195)(173;216;39)(17;161;51)(142;55;84)
(190;96;134)(189;42;121)(0;32;117)(199;20;33)(240;32;180)
(84;208;230)(225;220;220)(47;92;84)(77;58;121)(236;110;128)
(175;49;78)(161;253;210)(207;244;4)(140;110;142)(137;77;242)
(43;210;52)(108;75;96)(147;170;7)(84;35;215)(5;141;247)
(84;183;254)(45;119;15)(236;64;197)(142;107;113)(89;76;26)
(161;230;87)(71;241;243)(202;74;182)(184;65;12)(47;10;11)(70;221;100)(47;238;67)
(170;197;233)(185;77;161)(194;155;158)(111;128;77)(42;3;23)
(78;35;107)(154;0;49)(194;51;233)(71;65;4)(185;153;246)
(139;244;118)(189;176;246)(191;40;187)(105;225;28)(134;205;50)
(31;125;73)(162;9;201)(36;61;226)(250;54;120)(137;34;133)
(190;131;111)(141;26;161)(57;79;144)(3;77;23)(221;184;111)
(167;182;150)(247;136;183)(107;5;105)(51;218;57)(40;59;180)
(48;89;149)(90;163;253)(143;135;229)(190;94;125)(240;92;236)
(227;84;112)(27;108;46)(99;244;162)(0;80;49)(51;39;188)(83;86;37)(225;112;252)
(72;124;209)(183;156;80)(86;46;107)(146;247;76)(165;121;176)
(51;93;69)(119;230;131)(127;135;223)(12;110;86)(153;154;69)
(234;175;38)(44;170;109)(204;246;244)(234;215;20)(85;231;44)
(18;115;171)(116;251;171)(146;66;49)(92;47;169)(208;213;141)
(95;99;76)(140;43;84)(119;118;21)(136;202;164)(34;153;246)
(2;188;53)(157;6;25)(238;165;126)(75;14;158)(98;201;209)
(108;74;251)(132;86;67)(40;69;166)(189;248;161)(48;185;8)
(188;6;7)(38;160;61)(94;29;251)(86;110;121)(93;29;207)(56;41;164)(15;175;250)
(188;185;25)(46;138;227)(231;56;39)(113;92;50)(145;57;166)
(162;3;130)(110;70;165)(219;7;21)(243;224;125)(246;46;253)
(205;208;223)(172;48;174)(66;125;213)(188;91;23)(77;52;244)
(184;198;19)(176;74;143)(237;11;127)(193;163;152)(141;185;122)
(253;73;192)(91;198;41)(141;187;110)(33;95;122)(218;163;107)
(2;116;126)(4;236;236)(28;25;244)(138;125;207)(115;205;92)
(131;253;126)(222;115;58)(235;76;172)(58;162;88)(160;71;177)
(194;221;235)(99;81;104)(33;92;205)(172;93;189)(194;178;28)(83;113;124)(126;57;138)
(129;248;87)(134;213;85)(126;68;7)(224;137;44)(78;24;114)
(69;244;10)(5;4;142)(188;118;33)(114;48;217)(74;57;46)
(31;165;189)(148;117;120)(113;93;62)(250;218;227)(146;172;172)
(187;90;28)(204;151;157)(45;0;224)(4;51;127)(195;89;218)
(239;192;126)(244;151;178)(0;146;123)(90;231;73)(183;244;193)
(62;203;202)(94;243;126)(33;165;142)(66;158;232)(68;81;52)
(171;9;225)(94;246;92)(176;103;67)(45;193;78)(185;84;69)
(79;32;117)(48;29;251)(51;59;249)(242;201;160)(251;208;162)(16;56;78)(123;190;7)
(254;107;212)(193;172;30)(57;142;192)(86;180;103)(92;143;188)
(55;24;119)(230;181;137)(18;92;56)(56;88;110)(236;18;6)
(116;195;91)(203;206;17)(211;110;214)(176;36;177)(36;163;114)
(169;137;177)(29;143;24)(235;159;11)(134;153;136)(241;168;21)
(193;135;215)(75;55;75)(198;237;105)(8;149;236)(206;23;136)
(224;114;127)(192;27;183)(226;149;36)(181;55;33)(42;96;214)
(11;86;91)(125;157;164)(206;166;58)(113;155;166)(83;209;130)
(172;76;219)(162;63;216)(169;216;120)(157;199;93)(123;47;208)(224;28;237)(194;64;146)
(165;207;53)(102;12;128)(184;66;1)(125;0;124)(196;133;147)
(130;30;168)(177;55;103)(53;174;72)(252;16;131)(245;73;94)
(212;60;158)(189;152;75)(59;47;188)(176;239;213)(16;95;43)
(168;95;107)(109;33;177)(223;60;170)(122;44;42)(18;236;178)
(248;239;22)(131;142;135)(67;222;99)(79;89;41)(163;163;12)
(9;131;251)(220;194;102)(29;234;220)(39;4;223)(193;236;184)
(17;110;140)(0;151;158)(149;228;186)(124;210;131)(6;95;25)
(208;86;34)(50;125;247)(235;83;236)(173;202;75)(186;94;217)(58;130;238)(217;188;24)
(52;19;113)(124;146;235)(58;134;75)(173;137;192)(31;125;214)
(8;52;202)(205;211;176)(4;67;9)(186;200;9)(194;65;191)
(239;42;36)(9;41;7)(185;180;52)(158;60;10)(168;189;247)
(16;66;211)(181;143;73)(120;72;98)(160;25;19)(141;205;46)
(179;155;41)(165;207;48)(160;182;196)(177;221;167)(220;69;212)
(127;1;102)(197;178;207)(5;61;22)(98;97;24)(65;39;159)
(72;94;216)(130;132;94)(0;74;248)(125;245;248)(201;201;236)
(189;93;172)(85;80;252)(127;145;60)(88;97;79)(156;240;20)(84;140;212)(81;37;52)
(98;116;192)(74;134;52)(183;112;183)(212;36;240)(192;232;110)
(196;193;51)(182;229;35)(243;107;93)(3;168;160)(14;95;245)
(110;76;155)(12;224;5)(50;242;195)(223;82;181)(38;252;195)
(14;236;225)(201;132;130)(238;190;115)(53;144;249)(139;139;89)
(171;142;85)(152;179;223)(31;62;39)(222;154;93)(233;191;24)
(119;235;71)(84;52;100)(99;119;238)(252;228;101)(196;215;27)
(86;61;95)(153;59;253)(30;220;172)(113;168;248)(82;253;32)
(14;44;134)(29;208;237)(50;226;153)(118;100;76)(75;198;133)(249;76;2)(87;186;84)
(153;182;250)(246;69;52)(7;11;3)(168;198;44)(154;45;194)
(214;71;106)(177;27;87)(19;162;170)(55;73;100)(145;63;91)
(118;136;109)(226;209;138)(191;112;64)(52;142;247)(15;34;246)
(27;170;105)(112;203;117)(38;200;61)(152;146;202)(179;67;46)
(153;15;37)(122;115;219)(97;247;111)(241;228;36)(62;50;26)
(50;180;132)(27;107;185)(244;120;238)(246;56;161)(26;116;208)
(30;101;118)(59;147;110)(254;190;117)(82;237;170)(74;32;226)
(90;118;104)(119;23;97)(90;163;130)(8;108;76)(67;39;20)(179;77;101)(89;46;193)
(145;95;94)(240;101;64)(52;191;148)(82;97;18)(3;88;56)
(83;122;87)(102;12;210)(200;178;114)(132;235;77)(137;68;85)
(244;241;129)(213;42;229)(128;71;113)(128;121;116)(81;32;9)
(212;175;134)(127;39;11)(222;9;207)(42;66;254)(98;78;243)
(47;127;115)(124;143;64)(50;234;119)(15;160;225)(237;55;205)
(79;105;68)(165;176;240)(203;16;65)(141;157;173)(111;65;111)
(185;228;135)(6;248;235)(227;77;96)(162;152;32)(208;120;148)
(172;138;181)(206;119;18)(246;126;19)(235;112;67)(172;17;125)(19;149;33)(44;110;199)
(19;80;241)(28;238;9)(237;128;198)(136;60;15)(235;127;1)
(164;238;209)(140;219;115)(152;25;17)(198;24;200)(71;128;141)
(96;106;21)(201;202;111)(133;109;76)(29;47;50)(231;37;233)
(202;154;78)(187;218;211)(103;124;75)(133;63;196)(48;118;250)
(211;65;68)(165;25;44)(20;249;116)(160;65;213)(235;71;250)
(184;146;56)(153;78;239)(253;141;16)(143;22;217)(95;96;20)
(246;131;87)(9;15;193)(203;123;175)(238;213;138)(135;72;225)
(239;215;51)(78;53;232)(210;189;100)(137;213;91)(125;228;58)(99;230;119)(249;253;2)
(191;246;54)(241;220;67)(16;245;70)(107;19;42)(208;106;213)
(201;192;170)(115;183;145)(103;106;119)(231;49;118)(234;218;160)
(15;109;3)(20;116;111)(17;46;58)(4;73;99)(106;167;134)
(210;175;232)(178;94;84)(51;233;5)(230;155;159)(100;119;130)
(116;246;155)(140;204;171)(26;3;246)(101;81;89)(17;142;199)
(236;181;105)(35;192;67)(29;67;48)(205;238;92)(17;196;50)
(252;168;115)(239;194;55)(36;38;145)(127;64;96)(52;75;226)
(12;107;19)(233;105;18)(11;162;238)(35;215;168)(215;51;187)(15;130;144)(202;56;244)
(27;32;247)(144;215;74)(58;51;207)(160;117;217)(80;94;15)
(98;175;29)(108;7;140)(111;58;111)(161;58;222)(27;112;128)
(207;102;138)(228;5;209)(5;212;131)(241;131;82)(190;122;115)
(200;103;157)(60;83;25)(177;67;55)(222;44;157)(35;222;15)
(24;192;79)(133;225;30)(72;243;202)(222;100;152)(234;216;243)
(129;59;104)(25;195;70)(251;63;17)(154;56;119)(150;236;135)
(181;118;227)(249;102;117)(150;90;74)(244;215;42)(170;93;200)
(7;238;192)(202;24;217)(152;124;216)(131;190;198)(26;142;24)(68;6;73)(251;203;8)
(190;71;41)(197;101;208)(44;204;81)(179;74;45)(173;191;199)
(55;124;71)(26;149;52)(92;215;147)(147;35;162)(55;209;201)
(219;191;142)(63;231;148)(182;138;56)(211;117;169)(32;244;213)
(24;70;144)(101;67;89)(211;133;237)(55;5;126)(83;53;36)
(50;139;254)(20;60;41)(134;15;87)(66;137;18)(162;161;11)
(219;123;214)(177;213;136)(200;29;209)(125;3;123)(35;193;29)
(211;175;102)(201;130;63)(39;16;196)(243;194;217)(80;88;217)
(114;193;79)(197;181;205)(178;154;102)(176;205;70)(108;147;93)(215;161;129)(221;87;141)
(33;242;28)(251;141;4)(147;236;76)(138;144;41)(251;104;192)
(130;216;81)(83;112;108)(184;125;99)(15;251;166)(233;144;123)
(142;127;71)(22;225;179)(91;246;79)(24;52;124)(47;29;197)
(13;171;55)(72;14;101)(181;240;144)(47;197;119)(95;33;107)
(225;251;178)(101;196;175)(236;134;49)(41;211;105)(34;74;17)
(77;119;223)(219;22;25)(240;9;121)(213;145;242)(26;160;157)
(214;215;70)(197;192;138)(68;183;54)(178;231;234)(23;78;195)
(228;105;151)(74;68;77)(129;97;13)(61;195;182)(225;104;169)(24;250;33)(92;192;246)
(126;57;17)(19;62;116)(112;15;207)(180;225;164)(237;227;56)
(82;128;99)(36;132;24)(69;136;159)(110;61;106)(7;124;115)
(240;122;212)(14;83;185)(172;138;68)(82;226;20)(198;127;208)
(143;47;67)(196;128;174)(66;204;151)(234;141;150)(103;74;237)
(21;76;235)(225;61;225)(199;228;67)(252;194;144)(101;17;213)
(220;161;185)(5;12;68)(104;246;57)(2;228;132)(162;133;172)
(194;231;119)(49;18;85)(95;56;128)(183;130;83)(74;142;62)
(254;158;107)(128;80;204)(22;237;0)(163;159;24)(77;58;186)(113;60;231)(171;224;137)
(91;184;240)(139;223;106)(34;58;21)(194;247;30)(180;217;148)
(167;45;244)(204;82;60)(195;239;184)(183;4;143)(125;103;133)
(242;54;145)(127;194;64)(223;115;129)(127;186;199)(134;148;50)
(137;231;19)(91;159;44)(231;113;131)(193;125;198)(163;78;42)
(101;205;20)(113;122;86)(229;179;121)(16;36;198)(172;43;250)
(89;135;92)(100;50;181)(88;117;57)(84;122;197)(254;152;137)
(230;160;113)(254;88;177)(219;205;232)(103;231;216)(14;168;131)
(117;192;67)(188;219;160)(37;32;211)(245;122;98)(185;51;161)(229;240;241)(190;210;116)
(131;41;71)(19;175;26)(213;156;40)(157;62;133)(144;104;249)
(21;22;117)(111;115;210)(170;38;19)(90;69;106)(214;140;120)
(248;212;81)(6;168;254)(30;110;243)(37;227;254)(67;49;208)
(166;92;78)(105;164;162)(166;6;203)(234;186;21)(149;225;214)
(185;153;198)(213;25;225)(167;30;69)(4;17;92)(195;14;223)
(15;161;241)(172;17;125)(137;212;146)(19;43;173)(23;75;152)
(177;201;240)(102;125;128)(175;247;113)(137;51;250)(92;131;207)
(152;181;190)(111;88;54)(152;53;158)(100;90;32)(148;76;107)(235;146;245)(196;113;209)
(121;253;82)(141;44;83)(143;63;185)(62;89;251)(15;185;19)
(128;28;139)(160;150;83)(17;50;240)(25;238;240)(52;180;230)
(76;229;53)(143;216;173)(69;142;211)(114;178;99)(223;103;219)
(2;73;104)(154;198;198)(36;41;252)(90;227;103)(107;152;153)
(74;113;100)(231;38;90)(194;213;172)(109;157;34)(16;44;36)
(29;170;191)(111;112;142)(31;11;139)(98;92;181)(217;55;121)
(150;128;27)(171;179;196)(185;238;168)(68;120;222)(68;21;74)
(93;135;230)(207;233;52)(155;247;184)(247;82;87)(168;82;181)(70;170;213)(39;182;121)
(36;141;134)(122;208;239)(116;158;138)(158;191;106)(206;164;58)
(227;141;74)(34;66;215)(78;142;79)(58;93;247)(162;175;215)
(71;8;165)(77;174;44)(53;55;183)(201;85;107)(229;1;71)
(149;223;225)(86;133;122)(50;55;230)(82;240;189)(158;220;126)
(159;167;248)(221;150;151)(226;218;9)(149;199;208)(174;133;85)
(101;146;107)(34;220;34)(221;38;36)(1;244;35)(189;206;197)
(72;135;144)(93;211;48)(72;166;20)(48;92;163)(114;28;71)
(179;87;189)(230;226;126)(120;195;42)(113;206;56)(18;65;84)(124;222;120)(207;70;230)
(238;59;69)(215;241;176)(4;230;24)(207;68;20)(109;239;22)
(157;69;181)(221;225;229)(131;177;38)(237;230;8)(78;87;38)
(150;231;65)(184;175;81)(219;243;1)(153;65;172)(127;52;127)
(243;38;5)(242;218;141)(213;52;228)(50;156;75)(25;133;0)
(217;22;9)(198;211;189)(62;164;154)(162;157;81)(227;18;227)
(88;197;239)(32;120;116)(96;88;23)(181;17;151)(64;64;172)
(147;42;205)(13;239;246)(173;47;28)(104;28;124)(76;113;41)
(188;86;29)(185;104;109)(115;113;148)(162;51;128)(184;197;51)(13;23;242)(32;22;227)
(17;20;70)(177;3;238)(52;213;87)(175;142;18)(113;215;145)
(236;35;177)(18;233;252)(209;181;44)(221;43;90)(15;23;123)
(0;21;96)(37;44;236)(42;64;121)(134;205;150)(216;165;139)
(128;82;174)(30;60;62)(140;167;170)(143;212;23)(181;218;40)
(227;70;19)(152;62;232)(245;53;169)(48;237;196)(57;58;208)
(181;139;236)(164;119;157)(14;126;58)(110;45;143)(98;225;189)
(195;16;249)(150;211;103)(99;17;112)(236;145;217)(187;61;132)
(209;222;141)(51;168;111)(116;164;101)(215;145;20)(248;103;106)(161;229;70)(202;151;40)
(88;190;110)(192;169;36)(82;116;191)(60;101;59)(85;168;81)
(31;62;109)(69;60;27)(19;68;96)(170;34;135)(213;223;227)
(11;190;18)(98;76;206)(210;83;56)(54;141;196)(8;44;149)
(131;76;160)(5;103;234)(224;35;6)(74;158;136)(167;246;131)
(26;247;241)(214;7;110)(39;249;111)(59;97;153)(9;18;153)
(136;11;217)(207;110;196)(103;71;5)(71;42;64)(160;43;59)
(151;9;86)(113;222;65)(50;253;7)(79;252;84)(190;176;95)
(119;149;150)(89;38;47)(232;118;63)(163;69;161)(73;170;124)(133;204;187)(2;27;71)
(160;64;18)(79;207;131)(19;223;188)(16;68;73)(131;141;69)
(172;12;52)(64;226;216)(58;53;126)(103;250;166)(143;245;124)
(169;228;115)(162;176;165)(207;114;136)(156;114;92)(28;197;86)
(175;80;11)(54;157;52)(138;135;81)(200;101;89)(36;209;121)
(125;46;162)(207;134;139)(153;209;7)(206;110;170)(44;109;226)
(47;237;32)(173;203;17)(28;225;1)(110;165;122)(198;230;41)
(215;80;110)(149;213;6)(128;61;30)(69;46;215)(156;210;177)
(94;34;156)(3;9;91)(205;204;23)(8;244;14)(115;219;75)(183;252;184)(25;116;203)
(216;240;73)(14;180;34)(179;245;193)(228;182;148)(42;188;93)
(2;77;254)(114;208;193)(176;89;17)(237;218;30)(14;65;219)
(134;75;139)(122;46;80)(217;93;130)(111;106;71)(61;7;50)
(99;46;173)(55;165;236)(90;193;126)(237;65;231)(112;168;20)
(207;36;46)(15;81;130)(205;49;78)(153;74;58)(44;231;49)
(143;170;45)(219;61;239)(193;170;16)(109;16;127)(22;156;115)
(49;2;128)(62;42;169)(87;139;208)(168;6;66)(22;55;211)
(167;174;161)(73;60;119)(92;17;141)(89;114;1)(182;67;143)(237;50;27)(196;144;76)
(246;240;131)(229;112;141)(177;195;55)(94;209;141)(172;38;174)
(229;105;227)(39;94;127)(36;142;99)(19;229;89)(50;175;78)
(80;115;136)(228;126;40)(76;4;236)(163;115;188)(239;87;16)
(14;168;70)(187;26;162)(208;210;150)(179;177;105)(70;197;126)
(95;139;177)(105;159;139)(248;90;129)(94;11;126)(211;250;193)
(143;236;3)(91;69;215)(141;176;77)(167;150;102)(204;121;137)
(253;219;212)(14;136;107)(185;231;251)(176;199;225)(149;252;243)
(206;41;193)(34;65;104)(118;253;67)(66;52;234)(128;251;154)(31;134;213)(144;40;246)
(76;112;108)(18;69;115)(190;4;157)(151;138;114)(218;78;53)
(21;162;130)(170;101;216)(98;213;16)(198;252;0)(50;114;83)
(200;111;184)(22;247;5)(168;142;133)(220;78;188)(28;134;156)
(237;51;179)(131;174;244)(28;253;151)(166;237;86)(31;245;203)
(73;151;206)(176;47;240)(26;115;59)(221;114;174)(193;1;225)
(211;16;162)(225;250;15)(172;70;182)(105;164;18)(186;213;166)
(84;16;124)(15;81;95)(45;156;119)(117;213;114)(108;71;108)
(124;16;93)(33;10;169)(234;110;168)(17;150;185)(235;176;80)(12;216;237)(221;148;74)
(64;117;34)(28;249;231)(123;157;78)(76;249;164)(32;93;247)
(22;56;54)(189;232;209)(66;4;37)(92;111;247)(74;37;193)
(217;37;80)(213;3;223)(226;8;216)(48;169;111)(31;244;222)
(31;135;240)(56;128;197)(219;43;30)(14;163;140)(11;94;206)
(35;226;84)(250;132;148)(89;147;43)(97;236;84)(244;117;62)
(251;52;43)(167;237;48)(155;10;170)(213;205;120)(19;170;252)
(196;200;32)(71;86;139)(72;45;212)(131;36;183)(25;56;39)
(219;146;205)(105;30;172)(7;239;229)(53;183;12)(147;126;161)(29;79;73)(210;99;8)
(216;235;54)(70;44;200)(175;109;157)(207;15;57)(217;188;46)
(166;18;204)(90;226;116)(54;118;56)(17;150;162)(122;241;84)
(40;244;222)(49;86;184)(103;249;226)(39;10;27)(70;165;217)
(175;12;26)(142;45;252)(61;172;124)(150;144;164)(93;131;191)
(188;63;209)(80;118;1)(56;253;27)(58;241;207)(151;155;100)
(70;30;232)(144;59;100)(216;250;43)(153;243;37)(90;155;113)
(240;70;61)(220;9;37)(49;144;115)(115;174;3)(119;105;41)
(163;164;85)(191;157;80)(61;199;151)(27;162;187)(237;171;239)(11;200;154)(80;138;203)
(229;254;196)(172;235;42)(138;105;14)(97;217;56)(21;18;219)
(232;226;182)(164;189;231)(69;190;220)(105;127;148)(114;242;167)
(187;247;253)(252;232;184)(246;252;94)(189;115;34)(189;239;97)
(242;172;160)(229;117;25)(98;9;79)(119;176;110)(62;151;188)
(162;116;67)(142;157;123)(219;149;230)(198;20;194)(198;231;95)
(39;250;244)(139;164;204)(247;134;30)(119;44;128)(49;71;211)
(131;221;61)(43;192;196)(139;44;161)(207;49;36)(180;156;245)
(26;123;9)(36;235;177)(195;190;101)(184;169;192)(142;3;190)(57;97;167)(55;203;181)
(87;59;113)(113;203;58)(106;22;65)(9;155;226)(111;80;89)
(145;229;42)(82;174;71)(76;33;197)(243;254;3)(111;24;45)
(161;157;138)(67;72;56)(112;222;149)(141;198;107)(6;63;31)
(86;249;18)(103;121;173)(184;53;90)(29;91;217)(184;84;245)
(239;138;110)(246;244;26)(4;152;15)(12;59;23)(205;116;140)
(38;39;172)(191;147;180)(0;229;238)(178;114;225)(85;169;192)
(134;163;144)(112;88;221)(140;145;39)(125;113;61)(152;33;224)
(53;201;24)(225;174;138)(225;201;233)(82;134;24)(123;34;167)(163;19;45)(103;144;31)
(29;39;217)(162;186;222)(92;55;234)(249;33;30)(109;139;86)
(0;15;109)(169;87;94)(57;169;43)(100;85;252)(50;206;147)
(189;51;53)(67;239;3)(2;147;128)(207;159;108)(161;199;217)
(177;51;222)(240;11;23)(10;226;171)(9;246;57)(239;157;34)
(85;108;47)(22;101;212)(244;99;228)(73;227;143)(208;19;179)
(38;45;1)(126;43;227)(249;163;127)(207;204;185)(121;127;133)
(78;174;226)(118;69;104)(131;17;248)(112;51;135)(122;237;218)
(86;170;146)(217;9;113)(7;69;227)(190;254;72)(181;172;234)(121;123;158)(17;109;112)
(36;69;178)(9;143;47)(123;12;7)(52;235;177)(67;140;123)
(96;84;157)(216;116;18)(195;8;89)(134;165;195)(224;37;15)
(183;104;67)(177;215;189)(148;61;187)(128;109;243)(154;166;163)
(243;5;97)(7;75;1)(154;108;70)(11;213;59)(184;97;26)
(246;0;249)(39;49;229)(52;0;40)(224;163;199)(9;231;208)
(188;202;184)(29;131;33)(174;30;171)(29;84;224)(33;65;44)
(36;174;245)(54;163;6)(219;248;189)(81;153;43)(48;111;2)
(64;195;98)(122;152;96)(165;221;86)(120;49;89)(78;157;178)(134;159;65)(139;0;109)
(14;13;116)(136;249;184)(79;205;254)(198;203;148)(135;89;242)
(54;174;212)(51;170;112)(37;187;197)(16;96;167)(11;84;104)
(106;170;250)(206;126;245)(150;146;32)(142;13;182)(39;48;185)
(226;171;243)(214;129;117)(37;121;102)(135;232;16)(130;16;136)
(77;222;58)(71;76;242)(55;164;118)(67;141;36)(176;224;206)
(80;85;87)(131;248;239)(159;18;197)(144;209;118)(209;240;166)
(25;43;235)(51;59;181)(42;63;2)(138;87;45)(53;47;137)
(185;169;120)(126;56;97)(24;43;145)(92;140;30)(171;219;220)(28;229;192)(5;183;63)
(238;113;195)(250;228;202)(151;89;119)(107;128;206)(10;5;220)
(34;173;223)(59;147;184)(101;184;196)(30;121;75)(37;97;230)
(91;213;9)(141;67;249)(119;8;109)(36;216;210)(245;25;71)
(134;11;179)(36;119;183)(155;232;162)(103;12;162)(68;88;65)
(20;211;146)(43;195;2)(214;170;36)(69;109;171)(158;172;43)
(16;229;194)(242;165;14)(115;204;102)(135;169;201)(232;132;171)
(12;51;192)(124;225;252)(186;190;115)(154;70;132)(8;167;161)
(230;204;151)(90;35;81)VideoPlayer is turned off